DACP_Place_IDNumber,Total_populatio_e,NotHispanic_White_pop_e,Hispanic_or_Latino_population_e,Not_Hispanic_or_Latino_pop_e,DAC_Population,Percent_white_not_hispanic,Percent_latino,Pop_difference
600310,696,620,38,658,215,89.08045977011494,5.459770114942529,481
600535,5815,1448,4188,1627,1547,24.901117798796214,72.02063628546863,4268
600716,1799,1496,136,1663,295,83.15730961645359,7.5597554196775985,1504
600786,1026,857,50,976,255,83.52826510721248,4.8732943469785575,771
600982,413,366,0,413,115,88.61985472154964,0,298
601010,1875,279,1496,379,480,14.879999999999999,79.78666666666666,1395
601094,581,498,9,572,0,85.71428571428571,1.549053356282272,581
601164,1875,279,1496,379,969,14.879999999999999,79.78666666666666,906
601444,4104,3409,512,3592,2714,83.06530214424951,12.475633528265107,1390
601514,2012,1468,337,1675,164,72.96222664015905,16.749502982107355,1848
601651,4502,1013,3272,1230,3213,22.501110617503333,72.67880941803642,1289
602028,1707,1429,209,1498,254,83.71411833626244,12.243702401874634,1453
602294,4784,3031,1094,3690,2356,63.35702341137124,22.867892976588628,2428
602420,4545,1386,3064,1481,3009,30.495049504950494,67.4147414741474,1536
602700,7790,2877,3825,3965,3531,36.93196405648267,49.101412066752246,4259
603026,1171,867,293,878,54,74.0392826643894,25.02134927412468,1117
603209,13624,2764,8168,5456,8479,20.287727539635934,59.95302407516148,5145
603316,3776,3404,358,3418,674,90.14830508474576,9.48093220338983,3102
603512,796,244,499,297,916,30.65326633165829,62.688442211055275,-120
603708,3435,1182,2049,1386,333,34.41048034934498,59.65065502183406,3102
603792,2609,2108,215,2394,575,80.79724032196243,8.2407052510540435,2034
604198,3175,2451,479,2696,570,77.19685039370079,15.086614173228346,2605
604478,2998,1988,492,2506,2408,66.31087391594396,16.41094062708472,590
604576,1622,994,225,1397,1342,61.28236744759556,13.871763255240444,280
604632,2114,755,1288,826,197,35.714285714285715,60.9271523178808,1917
604730,637,503,93,544,201,78.96389324960754,14.599686028257459,436
604856,836,689,0,836,46,82.41626794258373,0,790
605262,1350,1169,67,1283,314,86.59259259259258,4.962962962962963,1036
605346,1076,906,27,1049,178,84.20074349442379,2.509293680297398,898
606070,2701,2243,311,2390,1292,83.04331728989264,11.514253980007405,1409
606150,8599,4260,2641,5958,2568,49.540644260960576,30.712873589952324,6031
606210,2199,1688,395,1804,2158,76.76216462028195,17.962710322874035,41
606336,297,228,25,272,127,76.76767676767676,8.417508417508419,170
606434,7814,5858,1623,6191,5104,74.96800614282057,20.770412080880472,2710
606475,1131,956,55,1076,87,84.52696728558797,4.862953138815207,1044
606560,3472,2048,1125,2347,2010,58.986175115207374,32.4020737327189,1462
606635,1332,1057,184,1148,1061,79.35435435435436,13.813813813813812,271
606728,1353,53,1135,218,1017,3.917220990391722,83.88765705838877,336
606798,4873,3178,1375,3498,3851,65.21649907654422,28.216704288939056,1022
606994,809,731,23,786,35,90.3584672435105,2.843016069221261,774
607162,2548,2240,72,2476,1258,87.91208791208791,2.8257456828885403,1290
607172,523,414,72,451,174,79.1586998087954,13.766730401529637,349
607246,1612,1464,131,1481,156,90.81885856079404,8.126550868486353,1456
607274,4975,3982,757,4218,1961,80.04020100502512,15.216080402010052,3014
607372,685,613,30,655,171,89.48905109489051,4.37956204379562,514
607512,1808,732,1001,807,1090,40.48672566371682,55.36504424778761,718
607525,3612,2907,353,3259,959,80.48172757475083,9.77297895902547,2653
607568,2314,1509,371,1943,2241,65.21175453759723,16.03284356093345,73
607578,6444,1255,4198,2246,1278,19.47548106765984,65.14587212911235,5166
607596,2355,1584,497,1858,2359,67.26114649681529,21.10403397027601,-4
607694,1698,892,209,1489,434,52.532391048292105,12.308598351001178,1264
607750,4729,931,2933,1796,182,19.687037428631847,62.021569042080785,4547
608172,11921,1207,10098,1823,4998,10.124989514302492,84.70765875346028,6923
608240,909,463,258,651,761,50.935093509350935,28.38283828382838,148
608530,5616,4521,564,5052,3589,80.50213675213675,10.042735042735043,2027
608716,783,624,101,682,50,79.6934865900383,12.899106002554278,733
608744,498,437,43,455,14,87.75100401606426,8.634538152610443,484
609122,4076,3515,340,3736,3172,86.23650637880274,8.341511285574093,904
609318,998,848,17,981,34,84.96993987975952,1.7034068136272544,964
609332,3720,1172,2425,1295,1371,31.505376344086024,65.18817204301075,2349
609353,11669,2507,8469,3200,3805,21.4842745736567,72.57691318879081,7864
609360,4369,1488,2455,1914,3266,34.05813687342641,56.19134813458457,1103
609822,560,375,18,542,74,66.96428571428571,3.214285714285714,486
609834,664,469,137,527,367,70.63253012048193,20.632530120481928,297
609864,23624,12771,8127,15497,8143,54.05943108703014,34.401456146291906,15481
609878,8878,832,6672,2206,7599,9.37148006307727,75.15206127506195,1279
609990,2204,1693,438,1766,424,76.81488203266788,19.87295825771325,1780
610004,701,631,54,647,189,90.01426533523538,7.703281027104136,512
610032,3264,161,2624,640,1330,4.932598039215686,80.3921568627451,1934
610559,40616,24707,9171,31445,6436,60.83070711049833,22.579771518613352,34180
610676,934,754,79,855,150,80.72805139186295,8.458244111349037,784
610732,1101,687,277,824,693,62.39782016348774,25.158946412352407,408
610816,890,9,881,9,440,1.0112359550561798,98.98876404494382,450
610914,581,498,9,572,78,85.71428571428571,1.549053356282272,503
611166,836,689,0,836,0,82.41626794258373,0,836
611376,686,653,17,669,14,95.18950437317784,2.478134110787172,672
611481,3103,2421,257,2846,66,78.02126973896229,8.282307444408636,3037
611600,420,376,5,415,38,89.52380952380953,1.1904761904761905,382
611614,2972,510,2252,720,3338,17.16016150740242,75.77388963660835,-366
611754,3017,1183,1697,1320,114,39.21113689095127,56.24792840570103,2903
611782,1169,1076,68,1101,349,92.04448246364414,5.816937553464499,820
612146,2584,2059,312,2272,312,79.68266253869969,12.074303405572756,2272
612314,476,401,63,413,0,84.24369747899159,13.23529411764706,476
612328,1232,908,104,1128,297,73.7012987012987,8.441558441558442,935
612612,4386,3711,246,4140,952,84.61012311901504,5.60875512995896,3434
612818,1284,951,61,1223,80,74.06542056074767,4.750778816199377,1204
612860,3441,1141,1954,1487,295,33.15896541702993,56.78581807614066,3146
612930,2781,2460,103,2678,1978,88.45738942826321,3.7037037037037033,803
613077,752,645,107,645,130,85.77127659574468,14.22872340425532,622
613157,3219,2152,321,2898,1376,66.85305995650823,9.972041006523765,1843
613182,754,506,141,613,99,67.10875331564988,18.70026525198939,655
613910,1983,1494,318,1665,182,75.34039334341907,16.036308623298034,1801
613966,5944,4654,730,5214,1547,78.29744279946165,12.281292059219382,4397
613985,5735,4228,1232,4503,2912,73.72275501307759,21.4821272885789,2823
614148,765,539,189,576,0,70.45751633986929,24.705882352941178,765
614232,3502,1571,779,2723,680,44.86007995431182,22.244431753283838,2822
614288,6584,5907,197,6387,1172,89.71749696233293,2.992102065613609,5412
614450,2869,2701,115,2754,623,94.14430115022657,4.008365284071105,2246
614454,444,350,47,397,193,78.82882882882883,10.585585585585585,251
614484,493,267,226,267,395,54.15821501014199,45.84178498985801,98
614498,8554,7359,786,7768,2424,86.02992751928922,9.188683656768763,6130
614904,3558,2950,452,3106,2456,82.91174817313097,12.703766160764474,1102
614946,7614,3116,4000,3614,5962,40.92461255581823,52.53480430785395,1652
616035,943,654,165,778,539,69.35312831389183,17.497348886532343,404
616322,13347,6800,5785,7562,7617,50.94777852700981,43.343073349816436,5730
616630,7171,6143,663,6508,4178,85.66448194115186,9.2455724445684,2993
616644,479,439,7,472,227,91.64926931106471,1.4613778705636742,252
616728,2578,1145,475,2103,1444,44.414274631497285,18.425135764158263,1134
616762,1171,529,527,644,510,45.175064047822374,45.00426985482493,661
617022,16955,9672,4059,12896,7295,57.04511943379534,23.939840754939546,9660
617050,836,689,0,836,426,82.41626794258373,0,410
617162,11980,8357,2753,9227,9437,69.75792988313857,22.979966611018362,2543
617288,392,338,54,338,172,86.22448979591837,13.77551020408163,220
617428,1558,485,1067,491,194,31.129653401797174,68.48523748395378,1364
617708,9012,553,7774,1238,4224,6.136262760763427,86.26276076342654,4788
617727,1030,476,519,511,72,46.213592233009706,50.3883495145631,958
617995,1096,1006,54,1042,20,91.78832116788321,4.927007299270073,1076
618030,420,376,5,415,18,89.52380952380953,1.1904761904761905,402
618450,437,101,336,101,164,23.112128146453088,76.88787185354691,273
618464,14018,3277,10044,3974,9918,23.37708660293908,71.65073476958197,4100
618485,2879,2347,464,2415,798,81.52136158388329,16.116707189996525,2081
618674,1531,23,1454,77,1489,1.5022860875244939,94.97060744611365,42
618926,943,804,110,833,324,85.25980911983034,11.664899257688228,619
618986,6439,3414,2610,3829,4244,53.02065538127039,40.53424444789563,2195
619024,1173,119,1010,163,1039,10.144927536231885,86.10400682011935,134
619262,753,496,138,615,82,65.86985391766268,18.326693227091635,671
619406,2638,1974,608,2030,2447,74.82941622441244,23.047763457164518,191
619416,2793,2340,154,2639,658,83.78088077336197,5.513784461152882,2135
619584,1814,960,691,1123,1115,52.921719955898574,38.09261300992282,699
619612,9873,2255,6851,3022,5023,22.840068874708802,69.391269117796,4850
619654,1531,657,750,781,171,42.913128674069235,48.98758981058132,1360
619724,2056,1757,110,1946,670,85.45719844357976,5.3501945525291825,1386
619878,669,613,16,653,382,91.62929745889387,2.391629297458894,287
620032,4581,873,3399,1182,646,19.05697445972495,74.1977734119188,3935
620242,2002,1520,255,1747,1482,75.92407592407594,12.737262737262736,520
620284,1967,1591,265,1702,295,80.88459583121505,13.472292831723436,1672
620424,351,303,20,331,70,86.32478632478633,5.698005698005698,281
620438,9652,216,8539,1113,8310,2.2378781599668462,88.46871114794861,1342
620900,1522,1103,261,1261,251,72.47043363994744,17.1484888304862,1271
620942,1161,5,1075,86,321,0.4306632213608958,92.5925925925926,840
621012,12490,3011,9123,3367,6585,24.10728582866293,73.04243394715772,5905
621188,5315,4948,273,5042,2168,93.09501411100658,5.136406396989652,3147
621210,5563,2404,3091,2472,951,43.2140931152256,55.563544849901135,4612
621530,4452,3687,298,4154,30,82.81671159029649,6.693620844564241,4422
621558,2158,242,1844,314,274,11.214087117701576,85.44949026876738,1884
622006,554,397,76,478,136,71.66064981949458,13.718411552346572,418
622286,2224,1079,1048,1176,412,48.51618705035971,47.122302158273385,1812
622360,1768,315,1453,315,16,17.816742081447963,82.18325791855203,1752
622622,4582,1556,2613,1969,4296,33.958969882147535,57.02749890877347,286
622972,3405,2731,137,3268,750,80.20558002936858,4.023494860499266,2655
623210,5204,1997,2833,2371,1983,38.37432744043044,54.43889315910838,3221
623532,1476,1129,311,1165,712,76.49051490514906,21.070460704607047,764
623630,1909,855,970,939,124,44.78784704033526,50.81194342587742,1785
623910,3475,2855,466,3009,1456,82.15827338129496,13.410071942446042,2019
623980,2419,2143,184,2235,86,88.59032658123192,7.606448945845392,2333
624022,2754,2082,215,2539,130,75.59912854030502,7.806826434277414,2624
624134,8887,624,8139,748,7935,7.021492067064251,91.5832114324294,952
624218,539,414,63,476,44,76.80890538033395,11.688311688311687,495
624764,4745,1789,2890,1855,4154,37.70284510010538,60.90621707060063,591
624834,6014,5281,503,5511,1345,87.81177253076156,8.363817758563352,4669
624918,998,848,17,981,1064,84.96993987975952,1.7034068136272544,-66
625030,881,605,84,797,161,68.67196367763904,9.534619750283769,720
625058,9941,6468,2842,7099,7274,65.06387687355397,28.588673171713108,2667
625128,1875,1499,168,1707,848,79.94666666666667,8.959999999999999,1027
625436,12635,2473,8733,3902,5908,19.57261574990107,69.1175306687772,6727
625488,21273,6473,8736,12537,6840,30.42824237296103,41.06614017769003,14433
625506,980,376,287,693,33,38.36734693877551,29.28571428571429,947
625534,5038,3267,1333,3705,2730,64.8471615720524,26.45891226677253,2308
625590,3625,1168,942,2683,68,32.220689655172414,25.98620689655172,3557
626028,5747,1038,3248,2499,4155,18.061597355141814,56.51644336175396,1592
626056,1028,916,30,998,441,89.10505836575877,2.9182879377431905,587
627014,1547,1069,196,1351,263,69.10148674854557,12.669683257918551,1284
627130,7192,1001,3769,3423,5802,13.918242491657399,52.40545050055617,1390
627190,11343,1880,8746,2597,924,16.574098562990393,77.10482235740103,10419
628021,492,389,37,455,187,79.0650406504065,7.520325203252034,305
628154,2303,1899,89,2214,1061,82.45766391663048,3.864524533217542,1242
629112,14722,4774,8500,6222,6380,32.427659285423175,57.736720554272516,8342
629154,797,611,74,723,500,76.6624843161857,9.284818067754077,297
629252,785,727,30,755,76,92.61146496815287,3.821656050955414,709
629350,5550,4861,581,4969,2458,87.58558558558559,10.468468468468469,3092
629392,1630,627,682,948,1201,38.466257668711656,41.84049079754602,429
630028,2072,1879,68,2004,614,90.68532818532819,3.2818532818532815,1458
630339,2104,1879,140,1964,22,89.30608365019012,6.653992395437262,2082
630410,28002,4379,21167,6835,8911,15.638168702235555,75.59102921219912,19091
630420,1114,997,54,1060,23,89.49730700179533,4.847396768402154,1091
630476,13720,4894,7315,6405,3832,35.67055393586006,53.316326530612244,9888
630714,598,585,0,598,0,97.82608695652173,0,598
630812,2620,1887,547,2073,1626,72.02290076335878,20.877862595419845,994
630882,2203,931,1263,940,888,42.260553790285975,57.33091239219247,1315
630900,1510,1247,135,1375,566,82.58278145695364,8.940397350993377,944
631134,3827,3071,235,3592,183,80.24562320355369,6.140580088842436,3644
631162,1002,847,76,926,950,84.53093812375249,7.584830339321358,52
631246,785,727,30,755,421,92.61146496815287,3.821656050955414,364
631260,9311,4707,3989,5322,6566,50.553109225647084,42.84180002147997,2745
631288,630,198,423,207,419,31.428571428571427,67.14285714285714,211
631372,3236,2773,291,2945,725,85.69221260815823,8.992583436341162,2511
631414,7504,681,6502,1002,7160,9.075159914712154,86.64712153518124,344
631470,8521,7159,818,7703,3775,84.01596056800845,9.599812228611665,4746
631568,7644,2984,4529,3115,5610,39.03715332286761,59.24908424908425,2034
631890,2135,416,1703,432,1718,19.484777517564403,79.76580796252928,417
632030,1890,1192,206,1684,1153,63.06878306878308,10.899470899470899,737
632156,1112,732,342,770,184,65.82733812949641,30.755395683453234,928
632324,382,298,56,326,0,78.01047120418848,14.659685863874344,382
632408,3175,2883,228,2947,215,90.80314960629921,7.181102362204725,2960
632562,3227,2451,561,2666,2372,75.95289742795165,17.38456770994732,855
633084,9639,651,8830,809,4256,6.753812636165578,91.60701317564063,5383
633504,5492,3418,1737,3755,479,62.23597960670065,31.627822286962854,5013
633574,12271,3369,6913,5358,4067,27.45497514464999,56.336076929345616,8204
633935,908,837,47,861,413,92.18061674008811,5.176211453744493,495
634246,8469,2286,5911,2558,6067,26.992561105207223,69.79572558743654,2402
634281,2526,425,1778,748,1787,16.825019794140932,70.38796516231196,739
634316,11621,4686,6355,5266,5921,40.32355219000086,54.68548317700714,5700
634392,4834,3571,889,3945,3366,73.8725693007861,18.39056681836988,1468
634405,420,376,5,415,20,89.52380952380953,1.1904761904761905,400
634652,976,703,185,791,587,72.02868852459017,18.954918032786885,389
634694,595,543,33,562,275,91.26050420168067,5.546218487394958,320
634708,1801,1538,173,1628,56,85.39700166574126,9.60577456968351,1745
634928,4526,3075,564,3962,3704,67.94078656650464,12.461334511710119,822
636084,7025,185,6840,185,6777,2.6334519572953736,97.36654804270462,248
636098,1356,1342,0,1356,255,98.96755162241888,0,1101
636168,560,375,18,542,32,66.96428571428571,3.214285714285714,528
636364,836,689,0,836,23,82.41626794258373,0,813
636420,4515,3549,396,4119,889,78.6046511627907,8.77076411960133,3626
636452,3665,1747,1767,1898,910,47.66712141882674,48.212824010914055,2755
636882,1665,1165,423,1242,792,69.96996996996997,25.405405405405407,873
636910,4478,853,3575,903,4044,19.048682447521216,79.83474765520322,434
636980,7705,6584,672,7033,4616,85.45100584036341,8.721609344581442,3089
637022,330,163,111,219,77,49.3939393939394,33.63636363636363,253
637106,7184,5928,656,6528,3394,82.51670378619154,9.131403118040089,3790
637400,2047,557,980,1067,79,27.21055202735711,47.87493893502687,1968
637512,809,731,23,786,35,90.3584672435105,2.843016069221261,774
637554,11080,7578,2303,8777,7564,68.39350180505414,20.78519855595668,3516
637596,1963,1656,124,1839,920,84.36067244014264,6.316861946001019,1043
637918,420,376,5,415,80,89.52380952380953,1.1904761904761905,340
638024,3485,3007,209,3276,2594,86.28407460545193,5.9971305595408895,891
638044,7199,4582,2411,4788,3516,63.64772885122933,33.49076260591749,3683
638065,11881,843,8580,3301,3487,7.095362343237101,72.21614342227085,8394
638076,560,375,18,542,37,66.96428571428571,3.214285714285714,523
638394,1825,80,1730,95,1648,4.383561643835616,94.79452054794521,177
638422,8461,3200,5123,3338,6364,37.82058858290982,60.5483985344522,2097
638548,3746,2331,1324,2422,3384,62.22637479978644,35.34436732514683,362
638646,1552,1076,145,1407,98,69.3298969072165,9.342783505154639,1454
638702,1288,786,108,1180,955,61.024844720496894,8.385093167701864,333
638800,3409,1322,1938,1471,1161,38.779700792021124,56.84951598709299,2248
639472,881,605,84,797,35,68.67196367763904,9.534619750283769,846
639483,1839,1503,248,1591,45,81.72920065252855,13.485589994562261,1794
639514,969,801,29,940,493,82.6625386996904,2.9927760577915374,476
639556,4910,3384,1254,3656,469,68.92057026476579,25.539714867617107,4441
639570,6867,5710,895,5972,3093,83.15130333478957,13.033347895733217,3774
639696,759,710,9,750,539,93.54413702239789,1.185770750988142,220
639710,6464,5124,952,5512,4746,79.26980198019803,14.727722772277227,1718
639724,24102,15743,3975,20127,4679,65.31823085221143,16.492407269106298,19423
639836,6280,2181,3616,2664,1723,34.72929936305732,57.5796178343949,4557
640116,736,21,679,57,398,2.8532608695652173,92.25543478260869,338
640312,498,437,43,455,12,87.75100401606426,8.634538152610443,486
640536,1630,627,682,948,154,38.466257668711656,41.84049079754602,1476
640746,2732,525,2189,543,1144,19.216691068814058,80.12445095168374,1588
640872,914,190,714,200,436,20.787746170678336,78.11816192560175,478
640928,1265,737,177,1088,1227,58.26086956521739,13.992094861660078,38
640998,500,428,61,439,234,85.6,12.2,266
641026,679,509,133,546,54,74.96318114874816,19.587628865979383,625
641040,2378,541,1776,602,1823,22.750210260723296,74.68460891505467,555
641110,1950,1637,232,1718,214,83.94871794871794,11.897435897435898,1736
641166,6544,3184,1459,5085,6913,48.655256723716384,22.295232273838632,-369
641194,7150,2245,3608,3542,3153,31.3986013986014,50.46153846153846,3997
641278,3391,2994,77,3314,1480,88.29253907401946,2.270716602772044,1911
641390,664,469,137,527,31,70.63253012048193,20.632530120481928,633
641656,706,263,410,296,520,37.25212464589235,58.07365439093485,186
641740,840,22,802,38,561,2.619047619047619,95.47619047619048,279
641789,498,437,43,455,0,87.75100401606426,8.634538152610443,498
641866,2518,2154,136,2382,38,85.54408260524225,5.401111993645751,2480
641880,17087,4373,10037,7050,2040,25.592555744132966,58.74056300111196,15047
641936,9584,3010,5225,4359,8500,31.406510851419036,54.51794657762938,1084
642104,4220,2700,1296,2924,3172,63.98104265402843,30.71090047393365,1048
642328,1098,787,144,954,661,71.67577413479053,13.114754098360656,437
642566,2084,138,1933,151,2080,6.621880998080615,92.75431861804223,4
642580,2406,1497,659,1747,2017,62.219451371571076,27.38985868661679,389
642622,444,350,47,397,291,78.82882882882883,10.585585585585585,153
643126,696,620,38,658,67,89.08045977011494,5.459770114942529,629
644140,2884,1890,916,1968,2184,65.53398058252428,31.761442441054093,700
644280,3373,202,3152,221,2194,5.988734064630893,93.44796916691372,1179
644350,3344,2707,475,2869,1620,80.95095693779905,14.204545454545455,1724
644364,1367,1112,249,1118,874,81.34601316752011,18.21506949524506,493
644406,3814,2532,775,3039,3318,66.38699528054536,20.319874147876245,496
644420,14096,10212,2949,11147,5767,72.4460839954597,20.920828603859253,8329
644672,832,554,240,592,52,66.58653846153845,28.846153846153843,780
644700,1476,1129,311,1165,308,76.49051490514906,21.070460704607047,1168
644760,2035,1331,212,1823,1103,65.4054054054054,10.417690417690418,932
644770,560,375,18,542,6,66.96428571428571,3.214285714285714,554
644784,1366,1165,125,1241,1111,85.28550512445095,9.150805270863836,255
644812,1814,960,691,1123,111,52.921719955898574,38.09261300992282,1703
644924,943,804,110,833,112,85.25980911983034,11.664899257688228,831
645092,1752,1281,189,1563,398,73.11643835616438,10.787671232876713,1354
645232,2012,468,1487,525,935,23.26043737574553,73.9065606361829,1077
645386,645,407,177,468,193,63.100775193798455,27.44186046511628,452
645414,1285,1046,59,1226,673,81.40077821011673,4.591439688715954,612
645512,998,792,74,924,341,79.35871743486975,7.414829659318638,657
645736,1397,932,282,1115,1158,66.71438797423049,20.186113099498925,239
645820,5566,3031,946,4620,2958,54.455623427955445,16.99604743083004,2608
645932,2220,1618,207,2013,1524,72.88288288288288,9.324324324324325,696
646100,5421,4429,723,4698,94,81.70079321158458,13.337022689540676,5327
646223,2088,518,1346,742,1098,24.808429118773947,64.46360153256705,990
646338,1596,1034,528,1068,1076,64.78696741854637,33.08270676691729,520
646400,9683,1716,5761,3922,4512,17.721780439946297,59.49602395951668,5171
646520,27994,8821,15158,12836,3447,31.510323640780168,54.14731728227478,24547
646660,14117,395,13722,395,8912,2.798044910391726,97.20195508960828,5205
647066,1632,586,929,703,1004,35.90686274509804,56.924019607843135,628
647164,2601,219,2041,560,88,8.419838523644751,78.46981930026912,2513
647192,1401,268,1078,323,216,19.129193433261957,76.94503925767309,1185
647332,2039,1745,228,1811,1073,85.58116723884257,11.18195193722413,966
647374,3716,3033,367,3349,689,81.6200215285253,9.876210979547901,3027
647430,13914,2577,3207,10707,9104,18.520914187149636,23.048727899956877,4810
648452,6257,2901,2446,3811,4172,46.364072239092216,39.09221671727665,2085
648592,669,192,439,230,184,28.699551569506728,65.6203288490284,485
648602,500,428,61,439,67,85.6,12.2,433
648641,5349,4531,500,4849,1979,84.70742194802767,9.347541596560106,3370
648676,1168,318,732,436,191,27.22602739726027,62.671232876712324,977
648690,4243,3479,398,3845,1504,81.99387226019326,9.380155550318172,2739
648928,2676,2333,195,2481,1031,87.18236173393123,7.286995515695067,1645
649348,4952,4172,698,4254,3605,84.24878836833602,14.095315024232633,1347
649488,1706,331,1316,390,200,19.402110199296597,77.13950762016412,1506
649544,2243,1846,354,1889,75,82.30049041462327,15.782434239857334,2168
649558,1870,1679,123,1747,1153,89.78609625668449,6.577540106951872,717
649600,2764,2533,124,2640,454,91.6425470332851,4.486251808972503,2310
649628,4298,3454,581,3717,1369,80.36295951605398,13.517915309446254,2929
649651,7917,4889,2188,5729,2299,61.75318933939623,27.63673108500695,5618
649768,1814,960,691,1123,88,52.921719955898574,38.09261300992282,1726
649796,993,758,235,758,1027,76.33434038267876,23.66565961732125,-34
649810,325,251,29,296,12,77.23076923076924,8.923076923076923,313
649852,4933,4142,581,4352,3331,83.96513277924184,11.777822825866613,1602
650034,3126,2678,367,2759,1884,85.66858605246321,11.740243122200896,1242
650146,1272,1199,0,1272,57,94.26100628930818,0,1215
650734,5372,3127,1206,4166,4923,58.20923306031274,22.449739389426657,449
651000,5065,4431,230,4835,1409,87.48272458045409,4.54096742349457,3656
651028,1030,476,519,511,591,46.213592233009706,50.3883495145631,439
651042,808,578,212,596,429,71.53465346534654,26.237623762376238,379
651168,1092,812,192,900,84,74.35897435897436,17.582417582417584,1008
651294,3673,2378,526,3147,2156,64.74271712496596,14.320718758508031,1517
651392,5434,670,3527,1907,1063,12.329775487670226,64.90614648509386,4371
651574,1011,602,329,682,239,59.545004945598414,32.54203758654797,772
651812,837,655,120,717,966,78.25567502986857,14.336917562724013,-129
652162,14307,2314,5721,8586,3926,16.173900887677362,39.98741874606836,10381
652246,3532,2852,178,3354,281,80.74745186862967,5.0396375990939974,3251
652302,5042,388,4654,388,3184,7.695358984529949,92.30464101547005,1858
652610,297,228,25,272,15,76.76767676767676,8.417508417508419,282
652764,5601,4563,554,5047,2482,81.46759507230851,9.891090876629173,3119
653196,2759,1646,964,1795,59,59.65929684668359,34.940195723088074,2700
653224,8220,1354,6340,1880,5807,16.472019464720194,77.12895377128953,2413
653294,11904,5099,6292,5612,7355,42.834341397849464,52.85618279569893,4549
653378,5273,796,3226,2047,221,15.09577090840129,61.17959415892281,5052
653490,420,376,5,415,287,89.52380952380953,1.1904761904761905,133
653602,3175,2883,228,2947,52,90.80314960629921,7.181102362204725,3123
653910,1722,1388,164,1558,599,80.60394889663183,9.523809523809524,1123
654008,11448,515,10811,637,9473,4.498602375960867,94.43570929419987,1975
654218,1065,947,46,1019,281,88.92018779342723,4.31924882629108,784
654274,9890,5338,4165,5725,7451,53.9737108190091,42.113245702730026,2439
654372,9527,375,8314,1213,8620,3.936181379237955,87.26776529862495,907
654764,12265,7771,2063,10202,4295,63.35915205870363,16.820220138605787,7970
655044,4941,375,4381,560,2957,7.589556769884638,88.6662618903056,1984
655086,9640,5820,2512,7128,5419,60.37344398340249,26.058091286307057,4221
655422,202,154,40,162,17,76.23762376237624,19.801980198019802,185
655506,560,375,18,542,38,66.96428571428571,3.214285714285714,522
655528,398,358,35,363,235,89.9497487437186,8.793969849246231,163
655728,5092,1075,3580,1512,1191,21.111547525530245,70.30636292223095,3901
655751,5428,1380,3649,1779,3114,25.423728813559322,67.22549742078114,2314
655842,4922,656,3932,990,2879,13.327915481511582,79.88622511174319,2043
656042,2723,1838,716,2007,52,67.49908189496878,26.294528094013952,2671
656120,4547,713,3144,1403,2041,15.680668572685285,69.14449087310315,2506
656140,866,681,57,809,592,78.63741339491916,6.581986143187067,274
656182,836,689,0,836,0,82.41626794258373,0,836
656196,998,792,74,924,41,79.35871743486975,7.414829659318638,957
656294,420,376,5,415,23,89.52380952380953,1.1904761904761905,397
656518,3733,2739,443,3290,1599,73.37262255558532,11.867130993838735,2134
656854,1272,1199,0,1272,77,94.26100628930818,0,1195
656868,1043,491,485,558,317,47.07574304889741,46.50047938638543,726
657011,476,401,63,413,23,84.24369747899159,13.23529411764706,453
657036,413,366,0,413,126,88.61985472154964,0,287
657070,2873,1390,1320,1553,2243,48.38148277062304,45.94500522102332,630
657134,560,375,18,542,130,66.96428571428571,3.214285714285714,430
657148,6232,5127,843,5389,1865,82.26893453145058,13.526957637997434,4367
657240,4666,3182,1090,3576,1890,68.19545649378482,23.36048006858123,2776
657302,6796,4047,2465,4331,6654,59.54973513831666,36.271336080047085,142
657330,3816,3244,353,3463,1237,85.01048218029351,9.250524109014675,2579
657372,2615,234,2333,282,2078,8.948374760994264,89.21606118546845,537
657512,4757,382,4312,445,3769,8.030271179314694,90.64536472566743,988
657568,1350,225,1121,229,858,16.666666666666664,83.03703703703704,492
657582,5631,537,4984,647,4465,9.536494405966968,88.51003374178654,1166
657834,2152,1787,283,1869,1185,83.03903345724906,13.150557620817843,967
657876,1522,667,498,1024,405,43.823915900131404,32.72010512483574,1117
657960,2025,1570,288,1737,848,77.53086419753087,14.222222222222221,1177
658030,8838,7696,602,8236,6540,87.0785245530663,6.811495813532474,2298
658134,476,401,63,413,100,84.24369747899159,13.23529411764706,376
658191,3909,618,2675,1234,2764,15.809669992325404,68.43182399590688,1145
658352,3966,3205,605,3361,2710,80.8119011598588,15.254664649520928,1256
658422,560,375,18,542,8,66.96428571428571,3.214285714285714,552
658436,560,375,18,542,4,66.96428571428571,3.214285714285714,556
658478,1645,474,1171,474,693,28.814589665653497,71.1854103343465,952
658618,581,498,9,572,12,85.71428571428571,1.549053356282272,569
658814,2138,1028,781,1357,280,48.0823199251637,36.52946679139383,1858
659080,1582,1248,186,1396,1439,78.88748419721871,11.757269279393173,143
659115,2095,1770,131,1964,139,84.48687350835323,6.252983293556086,1956
659220,1348,1177,93,1255,369,87.31454005934718,6.899109792284866,979
659290,2286,407,1786,500,232,17.804024496937885,78.12773403324584,2054
659604,2723,1838,716,2007,2300,67.49908189496878,26.294528094013952,423
659668,2047,557,980,1067,128,27.21055202735711,47.87493893502687,1919
659896,4780,3929,693,4087,1601,82.19665271966528,14.497907949790795,3179
659906,2217,1857,155,2062,52,83.7618403247632,6.991429860171403,2165
660088,1078,937,141,937,1132,86.92022263450835,13.079777365491651,-54
660592,1913,1115,461,1452,278,58.285415577626765,24.098274960794562,1635
660606,3128,17,2961,167,3006,0.5434782608695652,94.6611253196931,122
660900,4761,4013,367,4394,3373,84.28901491283344,7.708464608275572,1388
661012,605,91,509,96,659,15.041322314049587,84.13223140495867,-54
661096,5837,1576,4221,1616,3881,27.000171320884014,72.31454514305294,1956
661106,3527,1991,1274,2253,922,56.45024099801531,36.121349588885735,2605
661124,1039,887,106,933,309,85.37054860442733,10.202117420596728,730
662168,804,309,421,383,355,38.43283582089552,52.363184079601986,449
662200,1307,1103,108,1199,0,84.39173680183627,8.26319816373374,1307
662496,850,72,635,215,192,8.470588235294118,74.70588235294117,658
662700,7235,885,3499,3736,2832,12.232204561161023,48.36212854181065,4403
663106,4424,3488,458,3966,1195,78.84267631103074,10.35262206148282,3229
663134,3116,2625,231,2885,126,84.2426187419769,7.413350449293967,2990
663148,1039,686,146,893,436,66.02502406159769,14.051973051010588,603
663168,4811,718,3722,1089,1757,14.924132197048431,77.36437331116191,3054
663386,481,402,16,465,164,83.57588357588358,3.3264033264033266,317
664252,1663,1603,27,1636,59,96.39206253758267,1.6235718580877931,1604
664294,9979,2180,6410,3569,3867,21.84587634031466,64.23489327587934,6112
664308,3439,890,2489,950,757,25.87961616749055,72.37569060773481,2682
664420,4549,3727,166,4383,2829,81.93009452626951,3.6491536601450867,1720
664476,2173,1098,989,1184,647,50.52922227335481,45.51311550851357,1526
665112,2621,785,1377,1244,355,29.950400610454025,52.537199542159485,2266
667126,4590,430,4160,430,4010,9.368191721132897,90.6318082788671,580
668140,1303,110,1173,130,243,8.44205679201842,90.02302379125095,1060
668266,5920,3271,2480,3440,2638,55.25337837837838,41.891891891891895,3282
668434,1117,735,349,768,477,65.8012533572068,31.24440465532677,640
670028,3760,873,2443,1317,1164,23.21808510638298,64.97340425531914,2596
670322,6683,2612,3300,3383,1212,39.08424360317223,49.37902139757594,5471
670336,863,776,2,861,74,89.9188876013905,0.2317497103128621,789
670728,1990,1641,207,1783,1597,82.46231155778895,10.402010050251256,393
670798,2834,531,1981,853,1214,18.736767819336627,69.90119971771348,1620
670966,476,401,63,413,26,84.24369747899159,13.23529411764706,450
671078,2824,795,1894,930,437,28.151558073654392,67.06798866855524,2387
671372,1257,1169,79,1178,516,92.99920445505171,6.284805091487669,741
671414,2916,2242,477,2439,1465,76.88614540466392,16.358024691358025,1451
671680,492,389,37,455,22,79.0650406504065,7.520325203252034,470
671774,1817,1522,251,1566,418,83.76444689047882,13.813979086406164,1399
671848,863,776,2,861,133,89.9188876013905,0.2317497103128621,730
671932,231,127,18,213,0,54.97835497835498,7.792207792207792,231
672086,1545,945,490,1055,276,61.165048543689316,31.715210355987054,1269
672156,7160,3589,3009,4151,2493,50.12569832402235,42.02513966480447,4667
672282,1851,1515,205,1646,143,81.84764991896273,11.075094543490005,1708
672338,3025,674,2097,928,661,22.28099173553719,69.32231404958678,2364
672380,2048,1114,668,1380,871,54.39453125,32.6171875,1177
672408,956,544,374,582,116,56.903765690376574,39.12133891213389,840
672492,598,585,0,598,80,97.82608695652173,0,518
672674,10178,7857,1394,8784,4844,77.19591275299666,13.696207506386324,5334
672954,4853,422,3880,973,2464,8.695652173913043,79.95054605398722,2389
673178,7599,4119,1626,5973,6058,54.20450059218318,21.39755230951441,1541
673388,1423,752,643,780,1680,52.84609978917779,45.18622628250176,-257
673654,392,338,54,338,0,86.22448979591837,13.77551020408163,392
673690,1468,1292,140,1328,1000,88.0108991825613,9.536784741144414,468
673710,2043,1472,486,1557,502,72.05090553108174,23.788546255506606,1541
673815,1077,1019,0,1077,372,94.61467038068709,0,705
675168,836,689,0,836,0,82.41626794258373,0,836
675252,1041,179,848,193,1301,17.195004803073967,81.46013448607108,-260
675280,6012,1663,4308,1704,3626,27.661343978709247,71.6566866267465,2386
675322,444,350,47,397,228,78.82882882882883,10.585585585585585,216
675588,560,375,18,542,0,66.96428571428571,3.214285714285714,560
675592,560,375,18,542,0,66.96428571428571,3.214285714285714,560
675596,560,375,18,542,9,66.96428571428571,3.214285714285714,551
675672,1763,205,1538,225,813,11.627906976744185,87.23766307430516,950
677392,6251,5161,718,5533,2271,82.56278995360742,11.486162214045754,3980
677595,2520,360,1686,834,1398,14.285714285714285,66.9047619047619,1122
678050,1288,633,536,752,115,49.14596273291926,41.61490683229814,1173
678106,952,679,250,702,397,71.32352941176471,26.260504201680675,555
678126,3374,2997,312,3062,1505,88.82631890930645,9.247184350918792,1869
678176,1366,1165,125,1241,115,85.28550512445095,9.150805270863836,1251
678288,5491,450,4711,780,2912,8.195228555818613,85.7949371699144,2579
678336,3452,245,3032,420,1823,7.097334878331401,87.83314020857475,1629
678456,8971,83,8827,144,3570,0.9252034332850295,98.39482777839706,5401
678470,9692,5721,1057,8635,6911,59.028064382996284,10.905901774659513,2781
678568,1154,349,728,426,748,30.24263431542461,63.084922010398614,406
678596,14462,7984,5627,8835,7956,55.206748720785505,38.908864610703915,6506
678638,2971,2417,332,2639,2278,81.35307977112085,11.174688657017839,693
678652,526,0,504,22,51,0,95.81749049429658,475
678715,601,532,24,577,132,88.51913477537437,3.9933444259567388,469
678750,2993,337,2605,388,2327,11.259605746742398,87.03641830938858,666
678792,836,689,0,836,12,82.41626794258373,0,824
678890,1658,1275,223,1435,155,76.89987937273824,13.44993968636912,1503
678949,718,162,556,162,387,22.56267409470752,77.43732590529248,331
679030,493,267,226,267,123,54.15821501014199,45.84178498985801,370
680266,897,188,709,188,897,20.958751393534,79.041248606466,0
680280,1410,271,1070,340,910,19.21985815602837,75.88652482269504,500
680448,1591,1344,67,1524,236,84.47517284726587,4.211187932118165,1355
680476,1971,1693,44,1927,239,85.89548452562151,2.2323693556570268,1732
680483,856,719,35,821,211,83.99532710280374,4.0887850467289715,645
680515,420,376,5,415,0,89.52380952380953,1.1904761904761905,420
680686,1368,555,796,572,1029,40.57017543859649,58.187134502923975,339
680763,3581,2982,316,3265,1824,83.2728288187657,8.824350740016754,1757
680784,943,804,110,833,176,85.25980911983034,11.664899257688228,767
680882,3808,1124,2539,1269,17,29.516806722689076,66.67542016806722,3791
680896,2293,2048,182,2111,949,89.31530745747929,7.93720017444396,1344
680952,836,689,0,836,0,82.41626794258373,0,836
680966,4463,4159,215,4248,2374,93.18843827022182,4.817387407573381,2089
681302,7761,2712,1280,6481,6735,34.943950521839966,16.492720010307952,1026
681312,7043,2422,3375,3668,0,34.38875479199205,47.919920488428225,7043
681358,3417,2414,504,2913,755,70.64676616915423,14.749780509218613,2662
681722,1967,1591,265,1702,717,80.88459583121505,13.472292831723436,1250
681778,1808,1263,204,1604,167,69.85619469026548,11.283185840707963,1641
681792,1366,1013,280,1086,292,74.15812591508053,20.497803806734993,1074
681925,420,376,5,415,0,89.52380952380953,1.1904761904761905,420
682334,680,578,101,579,92,85,14.852941176470589,588
682422,3455,142,2986,469,59,4.109985528219971,86.42547033285094,3396
682562,3368,2036,1289,2079,605,60.451306413301666,38.271971496437054,2763
682786,1397,983,357,1040,161,70.36506800286327,25.554760200429495,1236
683094,3271,2441,543,2728,0,74.62549678997249,16.6004280036686,3271
683108,3627,1190,2224,1403,257,32.80948442238765,61.317893575958095,3370
683494,631,602,19,612,5,95.4041204437401,3.011093502377179,626
683570,598,585,0,598,17,97.82608695652173,0,581
683612,12402,6892,4755,7647,8579,55.57168198677632,38.340590227382684,3823
683724,817,405,402,415,173,49.57160342717258,49.20440636474908,644
683766,539,414,63,476,167,76.80890538033395,11.688311688311687,372
683794,5101,4252,235,4866,3294,83.3562046657518,4.6069398157224075,1807
683850,7210,5337,777,6433,2937,74.02219140083218,10.776699029126213,4273
683863,3158,120,3021,137,2170,3.799873337555415,95.66181127295756,988
683948,3732,3356,124,3608,2604,89.92497320471597,3.322615219721329,1128
684116,8282,81,3514,4768,8615,0.9780246317314658,42.42936488770828,-333
684345,789,272,494,295,633,34.47401774397972,62.61089987325729,156
684480,3239,1001,2010,1229,853,30.90460018524236,62.05619018215499,2386
684578,16941,4110,10844,6097,5534,24.26066938197273,64.0103889971076,11407
684606,2397,250,2017,380,1747,10.429703796412182,84.14685022945349,650
684680,2002,449,1440,562,792,22.42757242757243,71.92807192807193,1210
684732,1110,1012,81,1029,743,91.17117117117117,7.297297297297297,367
684928,1983,1494,318,1665,1509,75.34039334341907,16.036308623298034,474
685208,4140,1478,2162,1978,469,35.70048309178744,52.22222222222223,3671
685600,8856,6789,1362,7494,4853,76.65989159891599,15.379403794037941,4003
685642,1555,1071,209,1346,1425,68.87459807073955,13.440514469453376,130
685684,7995,4088,2941,5054,6118,51.13195747342088,36.78549093183239,1877
685866,382,298,56,326,0,78.01047120418848,14.659685863874344,382
686020,445,123,98,347,151,27.640449438202246,22.02247191011236,294
686174,3269,2910,303,2966,2043,89.0180483328235,9.268889568675435,1226
686300,10056,2189,7707,2349,7452,21.768098647573588,76.64081145584726,2604
686482,2814,107,2693,121,1961,3.802416488983653,95.70007107320541,853
686678,1903,1515,221,1682,242,79.61114030478193,11.613242249080399,1661
686734,1965,463,1367,598,285,23.56234096692112,69.56743002544529,1680
686912,1548,1205,195,1353,877,77.8423772609819,12.5968992248062,671
686944,10528,8435,903,9625,7675,80.11968085106383,8.577127659574469,2853
