DACP_Place_IDNumber,Total_populatio_e,NotHispanic_White_pop_e,Hispanic_or_Latino_population_e,Not_Hispanic_or_Latino_pop_e,DAC_Population,Percent_white_not_hispanic,Percent_latino,Pop_difference
600310,696,620,38,658,215,89.08045977011494,5.459770114942529,481
600535,1912,605,1273,639,1547,31.642259414225943,66.57949790794979,365
600716,1799,1496,136,1663,295,83.15730961645359,7.5597554196775985,1504
600786,1026,857,50,976,255,83.52826510721248,4.8732943469785575,771
600982,413,366,0,413,115,88.61985472154964,0,298
601010,1875,279,1496,379,480,14.879999999999999,79.78666666666666,1395
601094,581,498,9,572,0,85.71428571428571,1.549053356282272,581
601164,1875,279,1496,379,969,14.879999999999999,79.78666666666666,906
601514,1332,975,166,1166,164,73.1981981981982,12.462462462462462,1168
601651,1521,532,870,651,3213,34.97698882314267,57.1992110453649,-1692
602028,1707,1429,209,1498,254,83.71411833626244,12.243702401874634,1453
602294,1160,791,290,870,2356,68.1896551724138,25,-1196
602420,1338,526,744,594,3009,39.31240657698057,55.60538116591929,-1671
602700,2058,207,1748,310,3531,10.058309037900875,84.93683187560738,-1473
603026,1171,867,293,878,54,74.0392826643894,25.02134927412468,1117
603316,2515,2262,239,2276,674,89.9403578528827,9.502982107355864,1841
603512,796,244,499,297,916,30.65326633165829,62.688442211055275,-120
603708,2800,934,1721,1079,333,33.357142857142854,61.464285714285715,2467
603792,788,667,23,765,575,84.64467005076142,2.918781725888325,213
604198,614,471,16,598,570,76.71009771986971,2.6058631921824107,44
604478,2110,1290,433,1677,2408,61.137440758293835,20.52132701421801,-298
604576,1067,631,194,873,1342,59.137769447047795,18.181818181818183,-275
604632,2114,755,1288,826,197,35.714285714285715,60.9271523178808,1917
604730,637,503,93,544,201,78.96389324960754,14.599686028257459,436
604856,836,689,0,836,46,82.41626794258373,0,790
605262,1350,1169,67,1283,314,86.59259259259258,4.962962962962963,1036
605346,1076,906,27,1049,178,84.20074349442379,2.509293680297398,898
606150,1805,1181,280,1525,2568,65.42936288088642,15.512465373961218,-763
606210,1202,904,220,982,2158,75.20798668885192,18.302828618968388,-956
606336,297,228,25,272,127,76.76767676767676,8.417508417508419,170
606475,1131,956,55,1076,87,84.52696728558797,4.862953138815207,1044
606560,1203,540,524,679,2010,44.88778054862843,43.557772236076474,-807
606635,523,414,72,451,1061,79.1586998087954,13.766730401529637,-538
606728,1353,53,1135,218,1017,3.917220990391722,83.88765705838877,336
606994,809,731,23,786,35,90.3584672435105,2.843016069221261,774
607162,689,581,4,685,1258,84.32510885341074,0.5805515239477503,-569
607172,523,414,72,451,174,79.1586998087954,13.766730401529637,349
607246,977,950,10,967,156,97.23643807574207,1.023541453428864,821
607274,1537,937,508,1029,1961,60.962914769030576,33.05139882888744,-424
607372,685,613,30,655,171,89.48905109489051,4.37956204379562,514
607512,765,241,516,249,1090,31.503267973856207,67.45098039215686,-325
607525,1172,939,176,996,959,80.11945392491468,15.017064846416384,213
607568,1406,970,191,1215,2241,68.9900426742532,13.584637268847796,-835
607578,1721,262,1251,470,1278,15.223707147007554,72.69029633933759,443
607694,1698,892,209,1489,434,52.532391048292105,12.308598351001178,1264
607750,3378,584,2218,1160,182,17.28833629366489,65.66015393724098,3196
608240,909,463,258,651,761,50.935093509350935,28.38283828382838,148
608530,3316,2712,337,2979,3589,81.78528347406514,10.162846803377564,-273
608716,541,420,72,469,50,77.63401109057301,13.308687615526802,491
608744,498,437,43,455,14,87.75100401606426,8.634538152610443,484
609122,2006,1807,160,1846,3172,90.07976071784645,7.976071784646062,-1166
609318,998,848,17,981,34,84.96993987975952,1.7034068136272544,964
609332,2340,956,1377,963,1371,40.85470085470085,58.84615384615385,969
609353,2159,417,1674,485,3805,19.314497452524318,77.53589624826309,-1646
609360,2944,950,1716,1228,3266,32.26902173913043,58.28804347826087,-322
609822,560,375,18,542,74,66.96428571428571,3.214285714285714,486
609834,664,469,137,527,367,70.63253012048193,20.632530120481928,297
609878,4223,367,2666,1557,7599,8.690504380771962,63.130475964953824,-3376
609990,427,229,174,253,424,53.62997658079626,40.749414519906324,3
610004,701,631,54,647,189,90.01426533523538,7.703281027104136,512
610032,747,7,261,486,1330,0.9370816599732262,34.93975903614458,-583
610559,40616,24707,9171,31445,6436,60.83070711049833,22.579771518613352,34180
610676,934,754,79,855,150,80.72805139186295,8.458244111349037,784
610732,1101,687,277,824,693,62.39782016348774,25.158946412352407,408
610816,890,9,881,9,440,1.0112359550561798,98.98876404494382,450
610914,581,498,9,572,78,85.71428571428571,1.549053356282272,503
611166,836,689,0,836,0,82.41626794258373,0,836
611376,686,653,17,669,14,95.18950437317784,2.478134110787172,672
611481,3103,2421,257,2846,66,78.02126973896229,8.282307444408636,3037
611600,420,376,5,415,38,89.52380952380953,1.1904761904761905,382
611614,1825,430,1210,615,3338,23.56164383561644,66.3013698630137,-1513
611754,1472,238,1207,265,114,16.168478260869566,81.99728260869566,1358
611782,1169,1076,68,1101,349,92.04448246364414,5.816937553464499,820
612146,538,485,35,503,312,90.14869888475836,6.5055762081784385,226
612314,476,401,63,413,0,84.24369747899159,13.23529411764706,476
612328,351,303,20,331,297,86.32478632478633,5.698005698005698,54
612818,1284,951,61,1223,80,74.06542056074767,4.750778816199377,1204
612860,1401,268,1078,323,295,19.129193433261957,76.94503925767309,1106
612930,631,602,19,612,1978,95.4041204437401,3.011093502377179,-1347
613077,752,645,107,645,130,85.77127659574468,14.22872340425532,622
613157,1335,883,195,1140,1376,66.14232209737828,14.606741573033707,-41
613182,754,506,141,613,99,67.10875331564988,18.70026525198939,655
613910,1418,1071,186,1232,182,75.52891396332863,13.117066290550069,1236
613985,2387,1771,446,1941,2912,74.19354838709677,18.68454126518643,-525
614148,765,539,189,576,0,70.45751633986929,24.705882352941178,765
614232,917,498,60,857,680,54.30752453653217,6.543075245365322,237
614450,1595,1458,115,1480,623,91.41065830721004,7.210031347962382,972
614454,444,350,47,397,193,78.82882882882883,10.585585585585585,251
614484,493,267,226,267,395,54.15821501014199,45.84178498985801,98
616035,943,654,165,778,539,69.35312831389183,17.497348886532343,404
616644,479,439,7,472,227,91.64926931106471,1.4613778705636742,252
616728,1381,528,281,1100,1444,38.23316437364229,20.347574221578565,-63
616762,1171,529,527,644,510,45.175064047822374,45.00426985482493,661
617050,836,689,0,836,426,82.41626794258373,0,410
617288,392,338,54,338,172,86.22448979591837,13.77551020408163,220
617428,730,267,463,267,194,36.57534246575342,63.42465753424658,536
617727,1030,476,519,511,72,46.213592233009706,50.3883495145631,958
617995,1096,1006,54,1042,20,91.78832116788321,4.927007299270073,1076
618030,420,376,5,415,18,89.52380952380953,1.1904761904761905,402
618450,437,101,336,101,164,23.112128146453088,76.88787185354691,273
618464,2800,934,1721,1079,9918,33.357142857142854,61.464285714285715,-7118
618485,832,554,240,592,798,66.58653846153845,28.846153846153843,34
618674,1531,23,1454,77,1489,1.5022860875244939,94.97060744611365,42
618926,943,804,110,833,324,85.25980911983034,11.664899257688228,619
618986,4401,2122,1874,2527,4244,48.21631447398318,42.58123153828675,157
619024,1173,119,1010,163,1039,10.144927536231885,86.10400682011935,134
619262,753,496,138,615,82,65.86985391766268,18.326693227091635,671
619406,1230,998,223,1007,2447,81.13821138211382,18.130081300813007,-1217
619416,1597,1256,109,1488,658,78.6474639949906,6.825297432686287,939
619584,1814,960,691,1123,1115,52.921719955898574,38.09261300992282,699
619654,1531,657,750,781,171,42.913128674069235,48.98758981058132,1360
619724,636,456,77,559,670,71.69811320754717,12.10691823899371,-34
619878,669,613,16,653,382,91.62929745889387,2.391629297458894,287
620032,3461,406,2769,692,646,11.730713666570356,80.00577867668304,2815
620284,1024,787,155,869,295,76.85546875,15.13671875,729
620424,351,303,20,331,70,86.32478632478633,5.698005698005698,281
620900,724,514,147,577,251,70.99447513812154,20.303867403314918,473
620942,1161,5,1075,86,321,0.4306632213608958,92.5925925925926,840
621188,1104,963,63,1041,2168,87.22826086956522,5.706521739130435,-1064
621210,5563,2404,3091,2472,951,43.2140931152256,55.563544849901135,4612
621530,1349,1266,41,1308,30,93.8472942920682,3.039288361749444,1319
621558,2158,242,1844,314,274,11.214087117701576,85.44949026876738,1884
622006,554,397,76,478,136,71.66064981949458,13.718411552346572,418
622286,1060,758,302,758,412,71.50943396226414,28.49056603773585,648
622360,1768,315,1453,315,16,17.816742081447963,82.18325791855203,1752
622972,543,470,23,520,750,86.55616942909761,4.23572744014733,-207
623210,1927,365,1251,676,1983,18.94135962636222,64.9195640892579,-56
623532,1476,1129,311,1165,712,76.49051490514906,21.070460704607047,764
623630,1909,855,970,939,124,44.78784704033526,50.81194342587742,1785
623980,1039,887,106,933,86,85.37054860442733,10.202117420596728,953
624022,387,319,0,387,130,82.42894056847545,0,257
624218,539,414,63,476,44,76.80890538033395,11.688311688311687,495
624764,2209,1139,1042,1167,4154,51.561792666364866,47.17066545948393,-1945
624834,2880,2579,207,2673,1345,89.54861111111111,7.187499999999999,1535
624918,998,848,17,981,1064,84.96993987975952,1.7034068136272544,-66
625030,881,605,84,797,161,68.67196367763904,9.534619750283769,720
625128,1875,1499,168,1707,848,79.94666666666667,8.959999999999999,1027
625506,924,320,287,637,33,34.63203463203463,31.060606060606062,891
625534,759,710,9,750,2730,93.54413702239789,1.185770750988142,-1971
625590,931,315,318,613,68,33.83458646616541,34.15682062298603,863
626056,1028,916,30,998,441,89.10505836575877,2.9182879377431905,587
627014,1547,1069,196,1351,263,69.10148674854557,12.669683257918551,1284
627190,3110,777,2279,831,924,24.983922829581996,73.27974276527331,2186
628021,492,389,37,455,187,79.0650406504065,7.520325203252034,305
628154,1350,1169,67,1283,1061,86.59259259259258,4.962962962962963,289
629112,4401,2122,1874,2527,6380,48.21631447398318,42.58123153828675,-1979
629154,797,611,74,723,500,76.6624843161857,9.284818067754077,297
629252,785,727,30,755,76,92.61146496815287,3.821656050955414,709
629392,1630,627,682,948,1201,38.466257668711656,41.84049079754602,429
630028,726,712,14,712,614,98.07162534435263,1.9283746556473829,112
630339,809,731,23,786,22,90.3584672435105,2.843016069221261,787
630420,701,631,54,647,23,90.01426533523538,7.703281027104136,678
630714,598,585,0,598,0,97.82608695652173,0,598
630882,1231,329,902,329,888,26.726238830219334,73.27376116978067,343
630900,541,420,72,469,566,77.63401109057301,13.308687615526802,-25
631134,1952,1572,67,1885,183,80.5327868852459,3.432377049180328,1769
631162,1002,847,76,926,950,84.53093812375249,7.584830339321358,52
631246,785,727,30,755,421,92.61146496815287,3.821656050955414,364
631288,630,198,423,207,419,31.428571428571427,67.14285714285714,211
631890,2135,416,1703,432,1718,19.484777517564403,79.76580796252928,417
632030,888,591,115,773,1153,66.55405405405406,12.950450450450452,-265
632156,1112,732,342,770,184,65.82733812949641,30.755395683453234,928
632324,382,298,56,326,0,78.01047120418848,14.659685863874344,382
633084,2099,0,2099,0,4256,0,100,-2157
633504,997,693,265,732,479,69.5085255767302,26.57973921765296,518
633935,908,837,47,861,413,92.18061674008811,5.176211453744493,495
634281,1219,223,879,340,1787,18.293683347005743,72.10828547990155,-568
634405,420,376,5,415,20,89.52380952380953,1.1904761904761905,400
634652,976,703,185,791,587,72.02868852459017,18.954918032786885,389
634694,595,543,33,562,275,91.26050420168067,5.546218487394958,320
634708,637,503,93,544,56,78.96389324960754,14.599686028257459,581
634928,2529,1853,119,2410,3704,73.27006722024517,4.705417160933175,-1175
636084,2801,84,2717,84,6777,2.9989289539450197,97.00107104605497,-3976
636098,1356,1342,0,1356,255,98.96755162241888,0,1101
636168,560,375,18,542,32,66.96428571428571,3.214285714285714,528
636364,836,689,0,836,23,82.41626794258373,0,813
636420,2414,1994,240,2174,889,82.60149130074565,9.942004971002486,1525
636452,2033,1161,838,1195,910,57.10772257747172,41.219872110181996,1123
636882,1665,1165,423,1242,792,69.96996996996997,25.405405405405407,873
637022,330,163,111,219,77,49.3939393939394,33.63636363636363,253
637400,2047,557,980,1067,79,27.21055202735711,47.87493893502687,1968
637512,809,731,23,786,35,90.3584672435105,2.843016069221261,774
637596,1327,1200,47,1280,920,90.42954031650339,3.541823662396383,407
637918,420,376,5,415,80,89.52380952380953,1.1904761904761905,340
638024,1502,1277,37,1465,2594,85.01997336884153,2.463382157123835,-1092
638076,560,375,18,542,37,66.96428571428571,3.214285714285714,523
638394,1825,80,1730,95,1648,4.383561643835616,94.79452054794521,177
638646,753,420,58,695,98,55.77689243027888,7.702523240371846,655
638702,1288,786,108,1180,955,61.024844720496894,8.385093167701864,333
638800,2097,675,1416,681,1161,32.18884120171674,67.52503576537912,936
639472,881,605,84,797,35,68.67196367763904,9.534619750283769,846
639483,752,645,107,645,45,85.77127659574468,14.22872340425532,707
639514,969,801,29,940,493,82.6625386996904,2.9927760577915374,476
639556,3018,1974,947,2071,469,65.4075546719682,31.378396288933068,2549
639570,759,586,102,657,3093,77.2068511198946,13.438735177865613,-2334
639696,759,710,9,750,539,93.54413702239789,1.185770750988142,220
639836,4176,1349,2438,1738,1723,32.303639846743295,58.38122605363984,2453
640116,736,21,679,57,398,2.8532608695652173,92.25543478260869,338
640312,498,437,43,455,12,87.75100401606426,8.634538152610443,486
640536,1630,627,682,948,154,38.466257668711656,41.84049079754602,1476
640746,1770,236,1534,236,1144,13.333333333333334,86.66666666666667,626
640872,914,190,714,200,436,20.787746170678336,78.11816192560175,478
640928,1265,737,177,1088,1227,58.26086956521739,13.992094861660078,38
640998,500,428,61,439,234,85.6,12.2,266
641026,679,509,133,546,54,74.96318114874816,19.587628865979383,625
641040,1734,178,1528,206,1823,10.265282583621683,88.1199538638985,-89
641110,769,666,93,676,214,86.60598179453837,12.093628088426527,555
641166,3286,1660,601,2685,6913,50.5173463177115,18.289713937918442,-3627
641194,1479,487,420,1059,3153,32.92765382014875,28.397565922920894,-1674
641278,1420,1301,33,1387,1480,91.61971830985915,2.323943661971831,-60
641390,664,469,137,527,31,70.63253012048193,20.632530120481928,633
641656,706,263,410,296,520,37.25212464589235,58.07365439093485,186
641740,840,22,802,38,561,2.619047619047619,95.47619047619048,279
641789,498,437,43,455,0,87.75100401606426,8.634538152610443,498
641866,1799,1496,136,1663,38,83.15730961645359,7.5597554196775985,1761
642328,1098,787,144,954,661,71.67577413479053,13.114754098360656,437
642566,2084,138,1933,151,2080,6.621880998080615,92.75431861804223,4
642580,892,594,126,766,2017,66.59192825112108,14.125560538116591,-1125
642622,444,350,47,397,291,78.82882882882883,10.585585585585585,153
643126,696,620,38,658,67,89.08045977011494,5.459770114942529,629
644140,1487,907,559,928,2184,60.99529253530599,37.59246805648957,-697
644280,1886,188,1679,207,2194,9.968186638388122,89.02439024390245,-308
644364,687,534,148,539,874,77.72925764192141,21.542940320232898,-187
644406,1947,1084,409,1538,3318,55.6753980482794,21.00667693888033,-1371
644672,832,554,240,592,52,66.58653846153845,28.846153846153843,780
644700,1476,1129,311,1165,308,76.49051490514906,21.070460704607047,1168
644760,1093,713,118,975,1103,65.23330283623055,10.79597438243367,-10
644770,560,375,18,542,6,66.96428571428571,3.214285714285714,554
644784,1366,1165,125,1241,1111,85.28550512445095,9.150805270863836,255
644812,1814,960,691,1123,111,52.921719955898574,38.09261300992282,1703
644924,943,804,110,833,112,85.25980911983034,11.664899257688228,831
645232,2012,468,1487,525,935,23.26043737574553,73.9065606361829,1077
645386,645,407,177,468,193,63.100775193798455,27.44186046511628,452
645414,1285,1046,59,1226,673,81.40077821011673,4.591439688715954,612
645512,998,792,74,924,341,79.35871743486975,7.414829659318638,657
645736,1397,932,282,1115,1158,66.71438797423049,20.186113099498925,239
645820,1362,365,470,892,2958,26.798825256975036,34.50807635829663,-1596
645932,1096,711,165,931,1524,64.87226277372264,15.054744525547445,-428
646100,1921,1563,313,1608,94,81.36387298282145,16.29359708485164,1827
646223,2088,518,1346,742,1098,24.808429118773947,64.46360153256705,990
646338,815,542,273,542,1076,66.50306748466258,33.49693251533743,-261
646520,3576,546,2762,814,3447,15.268456375838927,77.23713646532438,129
646660,2440,2,2438,2,8912,0.08196721311475409,99.91803278688525,-6472
647066,1632,586,929,703,1004,35.90686274509804,56.924019607843135,628
647164,2601,219,2041,560,88,8.419838523644751,78.46981930026912,2513
647192,1401,268,1078,323,216,19.129193433261957,76.94503925767309,1185
647332,789,551,216,573,1073,69.83523447401775,27.376425855513308,-284
647374,864,706,83,781,689,81.71296296296296,9.606481481481481,175
648592,669,192,439,230,184,28.699551569506728,65.6203288490284,485
648602,500,428,61,439,67,85.6,12.2,433
648641,1281,1011,219,1062,1979,78.92271662763466,17.096018735362996,-698
648676,576,132,326,250,191,22.916666666666664,56.59722222222222,385
648928,628,526,52,576,1031,83.7579617834395,8.280254777070063,-403
649488,1706,331,1316,390,200,19.402110199296597,77.13950762016412,1506
649544,1353,1018,300,1053,75,75.24020694752403,22.172949002217297,1278
649558,961,862,99,862,1153,89.69823100936524,10.301768990634756,-192
649600,1687,1514,124,1563,454,89.74510966212212,7.350326022525193,1233
649768,1814,960,691,1123,88,52.921719955898574,38.09261300992282,1726
649796,993,758,235,758,1027,76.33434038267876,23.66565961732125,-34
649810,325,251,29,296,12,77.23076923076924,8.923076923076923,313
650034,1246,946,240,1006,1884,75.92295345104334,19.26163723916533,-638
650146,1272,1199,0,1272,57,94.26100628930818,0,1215
651028,1030,476,519,511,591,46.213592233009706,50.3883495145631,439
651042,808,578,212,596,429,71.53465346534654,26.237623762376238,379
651168,1092,812,192,900,84,74.35897435897436,17.582417582417584,1008
651392,1211,303,861,350,1063,25.0206440957886,71.09826589595376,148
651574,1011,602,329,682,239,59.545004945598414,32.54203758654797,772
651812,837,655,120,717,966,78.25567502986857,14.336917562724013,-129
652162,2010,105,1131,879,3926,5.223880597014925,56.26865671641791,-1916
652246,2035,1722,81,1954,281,84.61916461916462,3.98034398034398,1754
652302,5042,388,4654,388,3184,7.695358984529949,92.30464101547005,1858
652610,297,228,25,272,15,76.76767676767676,8.417508417508419,282
652764,1056,735,300,756,2482,69.60227272727273,28.40909090909091,-1426
653196,1230,847,333,897,59,68.86178861788618,27.073170731707318,1171
653378,126,126,0,126,221,100,0,-95
653490,420,376,5,415,287,89.52380952380953,1.1904761904761905,133
653602,1169,1076,68,1101,52,92.04448246364414,5.816937553464499,1117
653910,798,608,164,634,599,76.19047619047619,20.551378446115287,199
654218,1065,947,46,1019,281,88.92018779342723,4.31924882629108,784
655044,2346,96,2168,178,2957,4.092071611253197,92.41261722080137,-611
655422,202,154,40,162,17,76.23762376237624,19.801980198019802,185
655506,560,375,18,542,38,66.96428571428571,3.214285714285714,522
655528,398,358,35,363,235,89.9497487437186,8.793969849246231,163
655728,1483,257,1176,307,1191,17.329737019554955,79.29871881321645,292
655751,3022,495,2443,579,3114,16.379880873593645,80.84050297816016,-92
655842,4922,656,3932,990,2879,13.327915481511582,79.88622511174319,2043
656042,2723,1838,716,2007,52,67.49908189496878,26.294528094013952,2671
656120,2082,664,1189,893,2041,31.892411143131604,57.10854947166186,41
656140,866,681,57,809,592,78.63741339491916,6.581986143187067,274
656182,836,689,0,836,0,82.41626794258373,0,836
656196,998,792,74,924,41,79.35871743486975,7.414829659318638,957
656294,420,376,5,415,23,89.52380952380953,1.1904761904761905,397
656518,1627,1297,114,1513,1599,79.71727105101414,7.006760909649662,28
656854,1272,1199,0,1272,77,94.26100628930818,0,1195
656868,1043,491,485,558,317,47.07574304889741,46.50047938638543,726
657011,476,401,63,413,23,84.24369747899159,13.23529411764706,453
657036,413,366,0,413,126,88.61985472154964,0,287
657070,2873,1390,1320,1553,2243,48.38148277062304,45.94500522102332,630
657134,560,375,18,542,130,66.96428571428571,3.214285714285714,430
657240,2662,2207,322,2340,1890,82.9075882794891,12.096168294515403,772
657330,763,651,51,712,1237,85.3211009174312,6.684141546526867,-474
657372,1544,172,1356,188,2078,11.139896373056994,87.8238341968912,-534
657512,3644,254,3390,254,3769,6.970362239297476,93.02963776070253,-125
657568,1350,225,1121,229,858,16.666666666666664,83.03703703703704,492
657834,682,610,26,656,1185,89.44281524926686,3.812316715542522,-503
657876,1522,667,498,1024,405,43.823915900131404,32.72010512483574,1117
657960,522,440,61,461,848,84.2911877394636,11.685823754789272,-326
658134,476,401,63,413,100,84.24369747899159,13.23529411764706,376
658191,2966,305,2069,897,2764,10.2832097100472,69.75724881995954,202
658422,560,375,18,542,8,66.96428571428571,3.214285714285714,552
658436,560,375,18,542,4,66.96428571428571,3.214285714285714,556
658478,1645,474,1171,474,693,28.814589665653497,71.1854103343465,952
658618,581,498,9,572,12,85.71428571428571,1.549053356282272,569
658814,508,401,99,409,280,78.93700787401575,19.488188976377952,228
659080,1017,809,130,887,1439,79.54768928220255,12.782694198623402,-422
659115,788,667,23,765,139,84.64467005076142,2.918781725888325,649
659290,1375,126,1219,156,232,9.163636363636364,88.65454545454546,1143
659604,2723,1838,716,2007,2300,67.49908189496878,26.294528094013952,423
659668,2047,557,980,1067,128,27.21055202735711,47.87493893502687,1919
659896,1897,1714,158,1739,1601,90.35318924617818,8.328940432261465,296
659906,1201,978,77,1124,52,81.43213988343048,6.411323896752706,1149
660088,1078,937,141,937,1132,86.92022263450835,13.079777365491651,-54
660592,684,524,153,531,278,76.60818713450293,22.36842105263158,406
660606,3128,17,2961,167,3006,0.5434782608695652,94.6611253196931,122
661012,605,91,509,96,659,15.041322314049587,84.13223140495867,-54
661096,1300,297,998,302,3881,22.846153846153847,76.76923076923077,-2581
661106,1056,414,574,482,922,39.20454545454545,54.35606060606061,134
661124,1039,887,106,933,309,85.37054860442733,10.202117420596728,730
662168,804,309,421,383,355,38.43283582089552,52.363184079601986,449
662200,1307,1103,108,1199,0,84.39173680183627,8.26319816373374,1307
662496,850,72,635,215,192,8.470588235294118,74.70588235294117,658
662700,2075,276,1095,980,2832,13.301204819277107,52.77108433734939,-757
663106,2106,1442,329,1777,1195,68.4710351377018,15.622032288698955,911
663134,1131,956,55,1076,126,84.52696728558797,4.862953138815207,1005
663148,1039,686,146,893,436,66.02502406159769,14.051973051010588,603
664252,686,653,17,669,59,95.18950437317784,2.478134110787172,627
664294,1393,620,695,698,3867,44.50825556353195,49.89231873653984,-2474
664308,3439,890,2489,950,757,25.87961616749055,72.37569060773481,2682
664476,2173,1098,989,1184,647,50.52922227335481,45.51311550851357,1526
665112,0,0,0,0,355,NaN,NaN,-355
667126,3286,179,3107,179,4010,5.447352404138771,94.55264759586123,-724
668140,1303,110,1173,130,243,8.44205679201842,90.02302379125095,1060
668266,2516,905,1556,960,2638,35.9697933227345,61.84419713831478,-122
668434,1117,735,349,768,477,65.8012533572068,31.24440465532677,640
670028,1965,357,1352,613,1164,18.16793893129771,68.80407124681935,801
670322,2186,735,1255,931,1212,33.62305580969808,57.41079597438243,974
670336,413,366,0,413,74,88.61985472154964,0,339
670728,730,607,36,694,1597,83.15068493150685,4.931506849315069,-867
670798,1242,413,569,673,1214,33.25281803542673,45.81320450885668,28
670966,476,401,63,413,26,84.24369747899159,13.23529411764706,450
671078,859,332,527,332,437,38.64959254947614,61.35040745052387,422
671372,1257,1169,79,1178,516,92.99920445505171,6.284805091487669,741
671680,492,389,37,455,22,79.0650406504065,7.520325203252034,470
671774,450,410,2,448,418,91.11111111111111,0.4444444444444444,32
671848,450,410,2,448,133,91.11111111111111,0.4444444444444444,317
671932,231,127,18,213,0,54.97835497835498,7.792207792207792,231
672086,1545,945,490,1055,276,61.165048543689316,31.715210355987054,1269
672282,1851,1515,205,1646,143,81.84764991896273,11.075094543490005,1708
672338,1624,406,1019,605,661,25,62.74630541871922,963
672380,827,515,279,548,871,62.27327690447401,33.736396614268436,-44
672408,956,544,374,582,116,56.903765690376574,39.12133891213389,840
672492,598,585,0,598,80,97.82608695652173,0,518
672954,1604,24,1301,303,2464,1.4962593516209477,81.10972568578553,-860
673388,903,599,276,627,1680,66.33444075304541,30.564784053156146,-777
673654,392,338,54,338,0,86.22448979591837,13.77551020408163,392
673690,1050,1015,17,1033,1000,96.66666666666667,1.6190476190476188,50
673710,1003,673,310,693,502,67.098703888335,30.907278165503488,501
673815,1077,1019,0,1077,372,94.61467038068709,0,705
675168,836,689,0,836,0,82.41626794258373,0,836
675252,1041,179,848,193,1301,17.195004803073967,81.46013448607108,-260
675280,2286,361,1925,361,3626,15.791776027996502,84.20822397200351,-1340
675322,444,350,47,397,228,78.82882882882883,10.585585585585585,216
675588,560,375,18,542,0,66.96428571428571,3.214285714285714,560
675592,560,375,18,542,0,66.96428571428571,3.214285714285714,560
675596,560,375,18,542,9,66.96428571428571,3.214285714285714,551
675672,1763,205,1538,225,813,11.627906976744185,87.23766307430516,950
677392,1870,1501,231,1639,2271,80.2673796791444,12.352941176470589,-401
677595,922,81,679,243,1398,8.785249457700651,73.64425162689805,-476
678050,492,389,37,455,115,79.0650406504065,7.520325203252034,377
678106,952,679,250,702,397,71.32352941176471,26.260504201680675,555
678126,1586,1381,178,1408,1505,87.07440100882724,11.223203026481714,81
678176,1366,1165,125,1241,115,85.28550512445095,9.150805270863836,1251
678288,3461,406,2769,692,2912,11.730713666570356,80.00577867668304,549
678336,1335,129,1160,175,1823,9.662921348314606,86.89138576779027,-488
678470,1068,745,218,850,6911,69.7565543071161,20.411985018726593,-5843
678568,1154,349,728,426,748,30.24263431542461,63.084922010398614,406
678652,526,0,504,22,51,0,95.81749049429658,475
678715,601,532,24,577,132,88.51913477537437,3.9933444259567388,469
678750,2993,337,2605,388,2327,11.259605746742398,87.03641830938858,666
678792,836,689,0,836,12,82.41626794258373,0,824
678890,753,496,138,615,155,65.86985391766268,18.326693227091635,598
678949,718,162,556,162,387,22.56267409470752,77.43732590529248,331
679030,493,267,226,267,123,54.15821501014199,45.84178498985801,370
680266,595,145,450,145,897,24.369747899159663,75.63025210084034,-302
680280,818,85,664,154,910,10.39119804400978,81.17359413202934,-92
680448,526,397,21,505,236,75.47528517110266,3.9923954372623576,290
680476,453,386,7,446,239,85.20971302428256,1.545253863134658,214
680483,856,719,35,821,211,83.99532710280374,4.0887850467289715,645
680515,420,376,5,415,0,89.52380952380953,1.1904761904761905,420
680686,1368,555,796,572,1029,40.57017543859649,58.187134502923975,339
680784,943,804,110,833,176,85.25980911983034,11.664899257688228,767
680882,2114,755,1288,826,17,35.714285714285715,60.9271523178808,2097
680896,878,781,97,781,949,88.95216400911163,11.047835990888382,-71
680952,836,689,0,836,0,82.41626794258373,0,836
681302,3014,1112,641,2373,6735,36.894492368944924,21.26741871267419,-3721
681312,1694,369,1251,443,0,21.782762691853602,73.84887839433294,1694
681358,1510,792,353,1157,755,52.45033112582781,23.37748344370861,755
681722,1024,787,155,869,717,76.85546875,15.13671875,307
681778,1808,1263,204,1604,167,69.85619469026548,11.283185840707963,1641
681792,1366,1013,280,1086,292,74.15812591508053,20.497803806734993,1074
681925,420,376,5,415,0,89.52380952380953,1.1904761904761905,420
682334,680,578,101,579,92,85,14.852941176470589,588
682422,88,6,40,48,59,6.8181818181818175,45.45454545454545,29
682562,1338,968,357,981,605,72.34678624813155,26.681614349775785,733
682786,1397,983,357,1040,161,70.36506800286327,25.554760200429495,1236
683094,1332,975,166,1166,0,73.1981981981982,12.462462462462462,1332
683108,1795,516,1091,704,257,28.74651810584958,60.77994428969359,1538
683494,631,602,19,612,5,95.4041204437401,3.011093502377179,626
683570,598,585,0,598,17,97.82608695652173,0,581
683724,817,405,402,415,173,49.57160342717258,49.20440636474908,644
683766,539,414,63,476,167,76.80890538033395,11.688311688311687,372
683850,879,550,70,809,2937,62.57110352673493,7.963594994311718,-2058
683863,1757,28,1712,45,2170,1.593625498007968,97.43881616391576,-413
683948,1121,1062,0,1121,2604,94.73684210526315,0,-1483
684345,789,272,494,295,633,34.47401774397972,62.61089987325729,156
684480,2008,672,1108,900,853,33.46613545816733,55.17928286852589,1155
684606,985,165,713,272,1747,16.751269035532996,72.38578680203047,-762
684680,974,130,777,197,792,13.347022587268995,79.7741273100616,182
684732,633,563,70,563,743,88.94154818325435,11.058451816745656,-110
684928,1418,1071,186,1232,1509,75.52891396332863,13.117066290550069,-91
685208,1196,528,446,750,469,44.14715719063545,37.29096989966555,727
685866,382,298,56,326,0,78.01047120418848,14.659685863874344,382
686020,445,123,98,347,151,27.640449438202246,22.02247191011236,294
686174,484,447,23,461,2043,92.35537190082644,4.75206611570248,-1559
686300,1418,211,1199,219,7452,14.880112834978842,84.55571227080395,-6034
686482,1638,70,1554,84,1961,4.273504273504273,94.87179487179486,-323
686678,960,861,56,904,242,89.6875,5.833333333333333,718
686734,1965,463,1367,598,285,23.56234096692112,69.56743002544529,1680
686912,1548,1205,195,1353,877,77.8423772609819,12.5968992248062,671
686944,2284,1640,102,2182,7675,71.80385288966725,4.46584938704028,-5391
